dia
dinheiro
cheque
cartão créd. cartão déb.
total
créd. utilizado
crediário
cartão cons.
pix
cerd
 - caixa: 034 - academia, 033 - estacionamento, 002 - caixa bar, 030 - caixa cantina 1, 031 - caixa cantina 2 e vários outros - período: 01/09/2025 até 30/09/2025
relatório de recebimentos do módulo caixa - resumido por dia e plano de contas
01/09/2025
440,39
0,00
150,99
483,77
1.312,94
0,00
0,00
0,00
237,79
440,39
0,00
150,99
483,77
1.312,94
receitas espaço cantina
0,00
3.2.1.04.0001
0,00
0,00
237,79
02/09/2025
422,08
0,00
621,03
657,37
2.378,85
0,00
0,00
0,00
678,37
422,08
0,00
621,03
657,37
2.378,85
receitas espaço cantina
0,00
3.2.1.04.0001
0,00
0,00
678,37
03/09/2025
511,98
0,00
158,00
878,78
1.838,24
0,00
0,00
0,00
289,48
511,98
0,00
158,00
878,78
1.838,24
receitas espaço cantina
0,00
3.2.1.04.0001
0,00
0,00
289,48
04/09/2025
488,21
0,00
509,71
871,45
2.331,66
0,00
0,00
0,00
462,29
488,21
0,00
509,71
871,45
2.331,66
receitas espaço cantina
0,00
3.2.1.04.0001
0,00
0,00
462,29
05/09/2025
1.014,81
0,00
2.338,86
2.641,00
6.390,36
0,00
0,00
0,00
395,69
1.014,81
0,00
2.338,86
2.641,00
6.390,36
receitas espaço cantina
0,00
3.2.1.04.0001
0,00
0,00
395,69
06/09/2025
2.951,38
0,00
3.958,04
3.293,50
11.404,72
0,00
0,00
0,00
1.201,80
2.951,38
0,00
3.958,04
3.293,50
11.404,72
receitas espaço cantina
0,00
3.2.1.04.0001
0,00
0,00
1.201,80
07/09/2025
1.170,63
0,00
3.931,60
3.373,91
9.432,22
0,00
0,00
0,00
956,08
1.170,63
0,00
3.931,60
3.373,91
9.432,22
receitas espaço cantina
0,00
3.2.1.04.0001
0,00
0,00
956,08
08/09/2025
1.900,11
0,00
3.755,02
1.912,10
8.331,12
0,00
0,00
0,00
763,89
1.900,11
0,00
3.755,02
1.912,10
8.331,12
receitas espaço cantina
0,00
3.2.1.04.0001
0,00
0,00
763,89
09/09/2025
482,30
0,00
323,18
331,99
1.487,73
0,00
0,00
0,00
350,26
482,30
0,00
323,18
331,99
1.487,73
receitas espaço cantina
0,00
3.2.1.04.0001
0,00
0,00
350,26
10/09/2025
709,25
0,00
315,48
495,40
1.805,42
0,00
0,00
0,00
285,29
709,25
0,00
315,48
495,40
1.805,42
receitas espaço cantina
0,00
3.2.1.04.0001
0,00
0,00
285,29
11/09/2025
612,76
0,00
819,85
720,75
2.584,99
0,00
0,00
0,00
431,63
612,76
0,00
819,85
720,75
2.584,99
receitas espaço cantina
0,00
3.2.1.04.0001
0,00
0,00
431,63
12/09/2025
1.289,13
0,00
1.570,41
2.252,53
5.505,99
0,00
0,00
0,00
393,92
1.289,13
0,00
1.570,41
2.252,53
5.505,99
receitas espaço cantina
0,00
3.2.1.04.0001
0,00
0,00
393,92
13/09/2025
1.810,25
0,00
2.254,56
2.436,39
7.652,76
0,00
0,00
0,00
1.151,56
1.810,25
0,00
2.254,56
2.436,39
7.652,76
receitas espaço cantina
0,00
3.2.1.04.0001
0,00
0,00
1.151,56
14/09/2025
1.054,67
0,00
3.235,72
1.663,55
6.794,10
0,00
0,00
0,00
840,16
1.054,67
0,00
3.235,72
1.663,55
6.794,10
receitas espaço cantina
0,00
3.2.1.04.0001
0,00
0,00
840,16
15/09/2025
473,08
0,00
587,49
273,36
1.496,82
0,00
0,00
0,00
162,89
473,08
0,00
587,49
273,36
1.496,82
receitas espaço cantina
0,00
3.2.1.04.0001
0,00
0,00
162,89
16/09/2025
719,19
0,00
361,23
579,87
2.018,05
0,00
0,00
0,00
357,76
719,19
0,00
361,23
579,87
2.018,05
receitas espaço cantina
0,00
3.2.1.04.0001
0,00
0,00
357,76
17/09/2025
641,00
0,00
343,00
785,80
2.196,58
0,00
0,00
0,00
426,78
641,00
0,00
343,00
785,80
2.196,58
receitas espaço cantina
0,00
3.2.1.04.0001
0,00
0,00
426,78
18/09/2025
867,87
0,00
810,73
671,91
2.946,15
0,00
0,00
0,00
595,64
867,87
0,00
810,73
671,91
2.946,15
receitas espaço cantina
0,00
3.2.1.04.0001
0,00
0,00
595,64
19/09/2025
1.318,15
0,00
1.280,94
1.106,31
4.311,24
0,00
0,00
0,00
605,84
 - flavia
17/10/2025 16:19
página 1 de 3
realclub9 - 9.218.2686.5445
dia
dinheiro
cheque
cartão créd. cartão déb.
total
créd. utilizado
crediário
cartão cons.
pix
cerd
 - caixa: 034 - academia, 033 - estacionamento, 002 - caixa bar, 030 - caixa cantina 1, 031 - caixa cantina 2 e vários outros - período: 01/09/2025 até 30/09/2025
relatório de recebimentos do módulo caixa - resumido por dia e plano de contas
19/09/2025
1.318,15
0,00
1.280,94
1.106,31
4.311,24
0,00
0,00
0,00
605,84
1.318,15
0,00
1.280,94
1.106,31
4.311,24
receitas espaço cantina
0,00
3.2.1.04.0001
0,00
0,00
605,84
20/09/2025
1.955,26
0,00
3.029,18
3.275,95
9.629,52
0,00
0,00
0,00
1.369,13
1.955,26
0,00
3.029,18
3.275,95
9.629,52
receitas espaço cantina
0,00
3.2.1.04.0001
0,00
0,00
1.369,13
21/09/2025
1.047,94
0,00
2.512,68
3.022,47
7.446,01
0,00
0,00
0,00
862,92
1.047,94
0,00
2.512,68
3.022,47
7.446,01
receitas espaço cantina
0,00
3.2.1.04.0001
0,00
0,00
862,92
22/09/2025
152,40
0,00
122,90
125,28
483,96
0,00
0,00
0,00
83,38
152,40
0,00
122,90
125,28
483,96
receitas espaço cantina
0,00
3.2.1.04.0001
0,00
0,00
83,38
23/09/2025
779,85
0,00
740,83
693,26
2.630,42
0,00
0,00
0,00
416,48
779,85
0,00
740,83
693,26
2.630,42
receitas espaço cantina
0,00
3.2.1.04.0001
0,00
0,00
416,48
24/09/2025
515,67
0,00
412,33
622,15
2.097,53
0,00
0,00
0,00
547,38
515,67
0,00
412,33
622,15
2.097,53
receitas espaço cantina
0,00
3.2.1.04.0001
0,00
0,00
547,38
25/09/2025
543,52
0,00
324,39
661,57
1.831,17
0,00
0,00
0,00
301,69
543,52
0,00
324,39
661,57
1.831,17
receitas espaço cantina
0,00
3.2.1.04.0001
0,00
0,00
301,69
26/09/2025
1.097,92
0,00
1.618,58
1.709,40
4.992,97
0,00
0,00
0,00
567,07
1.097,92
0,00
1.618,58
1.709,40
4.992,97
receitas espaço cantina
0,00
3.2.1.04.0001
0,00
0,00
567,07
27/09/2025
1.396,01
0,00
3.763,15
3.607,73
10.075,64
0,00
0,00
0,00
1.308,75
1.396,01
0,00
3.763,15
3.607,73
10.075,64
receitas espaço cantina
0,00
3.2.1.04.0001
0,00
0,00
1.308,75
28/09/2025
1.754,84
0,00
2.720,43
3.014,89
8.263,03
0,00
0,00
0,00
772,87
1.754,84
0,00
2.720,43
3.014,89
8.263,03
receitas espaço cantina
0,00
3.2.1.04.0001
0,00
0,00
772,87
29/09/2025
345,87
0,00
291,70
328,90
1.109,47
0,00
0,00
0,00
148,00
345,87
0,00
291,70
328,90
1.109,47
receitas espaço cantina
0,00
3.2.1.04.0001
0,00
0,00
148,00
30/09/2025
958,93
0,00
533,74
761,34
2.799,94
0,00
0,00
0,00
545,93
958,93
0,00
533,74
761,34
2.799,94
receitas espaço cantina
0,00
3.2.1.04.0001
0,00
0,00
545,93
29.425,45
0,00
43.395,75
43.252,68
133.579,60
total geral:
0,00
produto
valor
devoluções
qtde.
subtotal
cafe expresso/longo
2,00
2,00
4,00
cerveja 350ml heineken zero alcool lata
8,00
1,00
8,00
cerveja 600ml amstel garrafa
9,00
2,00
18,00
cerveja 600ml antartica boa garrafa
9,00
2,00
18,00
cerveja 600ml brahma garrafa
10,00
1,00
10,00
cerveja 600ml heineken garrafa
14,00
4,00
56,00
cerveja 600ml spaten
12,00
1,00
12,00
chopp antarctica
8,00
1,00
8,00
coxinha
6,00
2,00
12,00
0,00
0,00 17.510,72
 - flavia
17/10/2025 16:19
página 2 de 3
realclub9 - 9.218.2686.5445
dia
dinheiro
cheque
cartão créd. cartão déb.
total
créd. utilizado
crediário
cartão cons.
pix
cerd
 - caixa: 034 - academia, 033 - estacionamento, 002 - caixa bar, 030 - caixa cantina 1, 031 - caixa cantina 2 e vários outros - período: 01/09/2025 até 30/09/2025
relatório de recebimentos do módulo caixa - resumido por dia e plano de contas
doce brigadeiros/ nutella
4,00
1,00
4,00
dose jurubeba 150 ml
8,00
1,00
8,00
esfiha de frango requeijao
6,00
1,00
6,00
hamburguer carne bacon e cheddar
6,00
3,00
18,00
hamburguer de carne
6,00
1,00
6,00
pao de batata requeijão
6,00
1,00
6,00
picole bitoka sabores
2,00
1,00
2,00
porção de pastel 12 un   ***carne***
25,00
3,00
75,00
prato feito - alcatra
27,90
1,00
27,90
refrigerante 350 ml guarana ant. lata
5,00
2,00
10,00
refrigerante 350ml coca cola lata
5,00
2,00
10,00
salgadinho stiksy
5,00
2,00
10,00
suco del valle uva
6,00
1,00
6,00
334,90
total das devoluções:
36,00
 - flavia
17/10/2025 16:19
página 3 de 3
realclub9 - 9.218.2686.5445
