ctrb
s emissão
ciot contratado
placa
placa sr
pedágio pneu combus.
irrf
inss
iss s.sena
t
multa
avarias f.contratado adiantamento
desc. carreg. total final
filial: vip truck
1242
1
03/01/2024
vip truck transp
rqn-8d10
360,50
0,00
0,00
0,00
0,00
0,00
0,00
0,00
0,00
3042,52
0,00
0,00
0,00
3403,02
2479
2
03/01/2024
paulo eduardo si
hxj-6e99
0,00
0,00
0,00
0,00 28,60
0,00
6,50
0,00
0,00
1300,00
0,00
0,00
0,00
1264,90
1243
1
03/01/2024
parceiro materia
sfq-8e02
0,00
0,00
0,00
0,00
0,00
0,00
0,00
0,00
0,00
0,00
0,00 592,00
0,00
592,00
1244
1
03/01/2024
r c s transporte
qwa-
0,00
0,00
0,00
0,00
0,00
0,00
0,00
0,00
0,00
0,00
0,00 555,00
0,00
555,00
2480
2
03/01/2024
jose rodrigues d
ejv-4300
0,00
0,00
0,00
0,00 28,60
0,00
6,50
0,00
0,00
1300,00
0,00
0,00
0,00
1264,90
2481
2
03/01/2024
vip truck transp
lmr-5e73
0,00
0,00
0,00
0,00
0,00
0,00
0,00
0,00
0,00
1300,00
0,00
0,00
0,00
1300,00
2482
2
03/01/2024
vip truck transp
rqn-8d10
360,50
0,00
0,00
0,00
0,00
0,00
0,00
0,00
0,00
6736,48
0,00
0,00
100,00
7196,98
2483
2
03/01/2024
vip truck transp
sfz-4h19
0,00
0,00
0,00
0,00
0,00
0,00
0,00
0,00
0,00
6000,00
0,00
0,00
0,00
6000,00
1245
1
03/01/2024
vip truck transp
rmo-3d52
0,00
0,00
0,00
0,00
0,00
0,00
0,00
0,00
0,00
9000,00
0,00
0,00
0,00
9000,00
2484
2
04/01/2024 163019 transmezadri tra qrc-4d60
0,00
0,00
0,00
0,00
0,00
0,00
0,00
0,00
0,00
6000,00
4200,00
0,00
0,00
1800,00
1246
1
04/01/2024
r c s transporte
ppx-9g70
360,50
0,00
0,00
0,00
0,00
0,00
0,00
0,00
0,00
3042,52
0,00
0,00
0,00
3403,02
1247
1
04/01/2024 163019 r c s transporte
mtx-4e75
0,00
0,00
0,00
0,00
0,00
0,00
0,00
0,00
0,00
9000,00
6300,00
0,00
0,00
2700,00
1248
1
04/01/2024 161019 wl transporte e 
sga-9f11
0,00
0,00
0,00
0,00
0,00
0,00
0,00
0,00
0,00
3200,00
2240,00
0,00
0,00
960,00
2485
2
04/01/2024
r c s transporte
ppx-9g70
360,50
0,00
0,00
0,00
0,00
0,00
0,00
0,00
0,00
6736,48
0,00
0,00
100,00
7196,98
1249
1
04/01/2024
vip truck transp
sfz-4h19
0,00
0,00
0,00
0,00
0,00
0,00
0,00
0,00
0,00
6000,00
0,00
0,00
0,00
6000,00
2486
2
05/01/2024
vip truck transp
rbb-9a07
0,00
0,00
0,00
0,00
0,00
0,00
0,00
0,00
0,00
1300,00
0,00
0,00
0,00
1300,00
1250
1
05/01/2024
vip truck transp
rqn-8d10
360,50
0,00
0,00
0,00
0,00
0,00
0,00
0,00
0,00
3042,52
0,00
0,00
0,00
3403,02
2487
2
05/01/2024
francine alkmim 
cxa-3f24
0,00
0,00
0,00
0,00
0,00
0,00
0,00
0,00
0,00
1300,00
910,00
0,00
0,00
390,00
2488
2
05/01/2024 161019 gilvan santana d
mds-4d67
0,00
0,00
0,00
0,00
0,00
0,00
0,00
0,00
0,00
1300,00
910,00
0,00
0,00
390,00
2489
2
06/01/2024
gilvan santana d
adi-5e22
0,00
0,00
0,00
0,00
0,00
0,00
0,00
0,00
0,00
1300,00
910,00
0,00
0,00
390,00
2490
2
06/01/2024
francine alkmim 
adm-9938
0,00
0,00
0,00
0,00
0,00
0,00
0,00
0,00
0,00
1300,00
910,00
0,00
0,00
390,00
2491
2
06/01/2024
francine alkmim 
hro-1c82
0,00
0,00
0,00
0,00
0,00
0,00
0,00
0,00
0,00
1300,00
910,00
0,00
0,00
390,00
2492
2
06/01/2024
fabio reis dos s
frs-0440
0,00
0,00
0,00
0,00
0,00
0,00
0,00
0,00
0,00
1300,00
910,00
0,00
0,00
390,00
1251
1
08/01/2024
r c s transporte
ppx-9g70
360,50
0,00
0,00
0,00
0,00
0,00
0,00
0,00
0,00
3042,52
0,00
0,00
0,00
3403,02
1252
1
08/01/2024 163019 wma transportes mtt-9054
0,00
0,00
0,00
0,00
0,00
0,00
0,00
0,00
0,00
6000,00
4200,00
0,00
0,00
1800,00
2493
2
08/01/2024
r c s transporte
ppx-9g70
360,50
0,00
0,00
0,00
0,00
0,00
0,00
0,00
0,00
6736,48
0,00
0,00
100,00
7196,98
1253
1
08/01/2024
vip truck transp
lmr-5e73
0,00
0,00
0,00
0,00
0,00
0,00
0,00
0,00
0,00
9000,00
0,00
0,00
0,00
9000,00
1254
1
09/01/2024
vip truck transp
rqn-8d10
360,50
0,00
0,00
0,00
0,00
0,00
0,00
0,00
0,00
3042,52
0,00
0,00
0,00
3403,02
2494
2
09/01/2024
vip truck transp
rqn-8d10
360,50
0,00
0,00
0,00
0,00
0,00
0,00
0,00
0,00
6736,48
0,00
0,00
100,00
7196,98
 período emissão contrato 01/01/2024 até 31/01/2024
contrato transporte
página 1 de 5
ctrb
s emissão
ciot contratado
placa
placa sr
pedágio pneu combus.
irrf
inss
iss s.sena
t
multa
avarias f.contratado adiantamento
desc. carreg. total final
filial: vip truck
1255
1
09/01/2024 167019 fab transportes odq-8c74
0,00
0,00
0,00
0,00
0,00
0,00
0,00
0,00
0,00
6000,00
4200,00
0,00
0,00
1800,00
1256
1
10/01/2024
r c s transporte
ppx-9g70
360,50
0,00
0,00
0,00
0,00
0,00
0,00
0,00
0,00
3042,52
0,00
0,00
0,00
3403,02
2495
2
10/01/2024
r c s transporte
ppx-9g70
360,50
0,00
0,00
0,00
0,00
0,00
0,00
0,00
0,00
6736,48
0,00
0,00
100,00
7196,98
2496
2
10/01/2024
vip truck transp
rqn-8d07
0,00
0,00
0,00
0,00
0,00
0,00
0,00
0,00
0,00
2000,00
0,00
0,00
0,00
2000,00
2497
2
10/01/2024
vip truck transp
rqr-5h28
0,00
0,00
0,00
0,00
0,00
0,00
0,00
0,00
0,00
6500,00
0,00
0,00
0,00
6500,00
1257
1
10/01/2024
vip truck transp
rbj-4j77
0,00
0,00
0,00
0,00
0,00
0,00
0,00
0,00
0,00
7000,00
0,00
0,00
0,00
7000,00
1258
1
10/01/2024
vip truck transp
rmo-3d52
0,00
0,00
0,00
0,00
0,00
0,00
0,00
0,00
0,00
6000,00
0,00
0,00
0,00
6000,00
1259
1
11/01/2024
vip truck transp
rqn-8d10
360,50
0,00
0,00
0,00
0,00
0,00
0,00
0,00
0,00
3042,52
0,00
0,00
0,00
3403,02
1260
1
11/01/2024 161019 log-zobole logis
ppt-4f15
0,00
0,00
0,00
0,00
0,00
0,00
0,00
0,00
0,00
18000,00
12600,00
0,00
0,00
5400,00
1261
1
11/01/2024 161019 parceiro materia
sfs-7a81
0,00
0,00
0,00
0,00
0,00
0,00
0,00
0,00
0,00
9000,00
6300,00
0,00
0,00
2700,00
1262
1
11/01/2024
vip truck transp
rqn-8d07
0,00
0,00
0,00
0,00
0,00
0,00
0,00
0,00
0,00
6000,00
0,00
0,00
0,00
6000,00
1263
1
11/01/2024 160019 wl transporte e 
rqq-5h34
0,00
0,00
0,00
0,00
0,00
0,00
0,00
0,00
0,00
3200,00
2240,00
0,00
0,00
960,00
2498
2
11/01/2024
vip truck transp
rqn-8d10
360,50
0,00
0,00
0,00
0,00
0,00
0,00
0,00
0,00
6736,48
0,00
0,00
100,00
7196,98
1264
1
11/01/2024 163019 fab transportes jsz-7e67
0,00
0,00
0,00
0,00
0,00
0,00
0,00
0,00
0,00
6000,00
4200,00
0,00
0,00
1800,00
1265
1
12/01/2024
r c s transporte
ppx-9g70
360,50
0,00
0,00
0,00
0,00
0,00
0,00
0,00
0,00
3042,52
0,00
0,00
0,00
3403,02
2499
2
12/01/2024
vip truck transp
rqr-5h28
0,00
0,00
0,00
0,00
0,00
0,00
0,00
0,00
0,00
0,00
0,00 250,00
0,00
250,00
2500
2
12/01/2024
r c s transporte
ppx-9g70
360,50
0,00
0,00
0,00
0,00
0,00
0,00
0,00
0,00
6736,48
0,00
0,00
100,00
7196,98
1266
1
12/01/2024
vip truck transp
sfz-4h19
0,00
0,00
0,00
0,00
0,00
0,00
0,00
0,00
0,00
6000,00
0,00
0,00
0,00
6000,00
1267
1
12/01/2024
vip truck transp
rqn-8d10
360,50
0,00
0,00
0,00
0,00
0,00
0,00
0,00
0,00
3042,52
0,00
0,00
0,00
3403,02
1268
1
12/01/2024
vip truck transp
rqr-5h28
0,00
0,00
0,00
0,00
0,00
0,00
0,00
0,00
0,00
6000,00
0,00
0,00
0,00
6000,00
1269
1
12/01/2024 168019 r c s transporte
qwa-
0,00
0,00
0,00
0,00
0,00
0,00
0,00
0,00
0,00
6500,00
4550,00
0,00
0,00
1950,00
1270
1
13/01/2024 167019 m p s transporte
qul-5a03
0,00
0,00
0,00
0,00
0,00
0,00
0,00
0,00
0,00
9500,00
6650,00
0,00
0,00
2850,00
1271
1
13/01/2024 165019 j.m. comercio de
rqm-0j34
0,00
0,00
0,00
0,00
0,00
0,00
0,00
0,00
0,00
6000,00
4200,00
0,00
0,00
1800,00
2501
2
15/01/2024
vip truck transp
rqn-8d10
360,50
0,00
0,00
0,00
0,00
0,00
0,00
0,00
0,00
6736,48
0,00
0,00
100,00
7196,98
1272
1
15/01/2024 160019 wl transporte e 
rqq-5h34
0,00
0,00
0,00
0,00
0,00
0,00
0,00
0,00
0,00
3200,00
2240,00
0,00
0,00
960,00
1273
1
15/01/2024
vip truck transp
rbg-9b99
0,00
0,00
0,00
0,00
0,00
0,00
0,00
0,00
0,00
9000,00
0,00
0,00
0,00
9000,00
1274
1
15/01/2024
vip truck transp
rbb-9a07
0,00
0,00
0,00
0,00
0,00
0,00
0,00
0,00
0,00
5500,00
0,00
0,00
0,00
5500,00
1275
1
16/01/2024
r c s transporte
ppx-9g70
360,50
0,00
0,00
0,00
0,00
0,00
0,00
0,00
0,00
3042,52
0,00
0,00
0,00
3403,02
2502
2
16/01/2024
r c s transporte
ppx-9g70
360,50
0,00
0,00
0,00
0,00
0,00
0,00
0,00
0,00
6736,48
0,00
0,00
100,00
7196,98
1276
1
16/01/2024
vip truck transp
rmo-3d52
0,00
0,00
0,00
0,00
0,00
0,00
0,00
0,00
0,00
6000,00
0,00
0,00
0,00
6000,00
1277
1
16/01/2024
vip truck transp
lmr-5e73
0,00
0,00
0,00
0,00
0,00
0,00
0,00
0,00
0,00
6000,00
0,00
0,00
0,00
6000,00
contrato transporte
página 2 de 5
ctrb
s emissão
ciot contratado
placa
placa sr
pedágio pneu combus.
irrf
inss
iss s.sena
t
multa
avarias f.contratado adiantamento
desc. carreg. total final
filial: vip truck
1278
1
16/01/2024
vip truck transp
rqn-8d10
360,50
0,00
0,00
0,00
0,00
0,00
0,00
0,00
0,00
3042,52
0,00
0,00
0,00
3403,02
1279
1
17/01/2024 160019 c r cargas eirel
mtj-6a76
0,00
0,00
0,00
0,00
0,00
0,00
0,00
0,00
0,00
6000,00
4200,00
0,00
0,00
1800,00
2503
2
17/01/2024
vip truck transp
rqn-8d10
360,50
0,00
0,00
0,00
0,00
0,00
0,00
0,00
0,00
6736,48
0,00
0,00
100,00
7196,98
1280
1
17/01/2024
vip truck transp
sfz-4h19
0,00
0,00
0,00
0,00
0,00
0,00
0,00
0,00
0,00
0,00
0,00 555,00
0,00
555,00
1281
1
17/01/2024 160019 fab transportes mrl-6h84
0,00
0,00
0,00
0,00
0,00
0,00
0,00
0,00
0,00
6000,00
4200,00
0,00
0,00
1800,00
1282
1
17/01/2024
vip truck transp
rbj-4j77
0,00
0,00
0,00
0,00
0,00
0,00
0,00
0,00
0,00
9000,00
0,00
0,00
0,00
9000,00
1283
1
17/01/2024 169019 willy transporte oyh-8i53
0,00
0,00
0,00
0,00
0,00
0,00
0,00
0,00
0,00
6000,00
4200,00
0,00
0,00
1800,00
1284
1
18/01/2024
r c s transporte
ppx-9g67
360,50
0,00
0,00
0,00
0,00
0,00
0,00
0,00
0,00
3042,52
0,00
0,00
0,00
3403,02
2504
2
18/01/2024
vip truck transp
rqn-8d07
0,00
0,00
0,00
0,00
0,00
0,00
0,00
0,00
0,00
2000,00
0,00
0,00
0,00
2000,00
2505
2
18/01/2024
r c s transporte
ppx-9g67
360,50
0,00
0,00
0,00
0,00
0,00
0,00
0,00
0,00
6736,48
0,00
0,00
100,00
7196,98
1285
1
18/01/2024 168019 luz transportes 
mtm-6a75
0,00
0,00
0,00
0,00
0,00
0,00
0,00
0,00
0,00
13000,00
9100,00
0,00
0,00
3900,00
2506
2
18/01/2024 161019 m p s transporte
qul-5a03
0,00
0,00
0,00
0,00
0,00
0,00
0,00
0,00
0,00
2000,00
1400,00
0,00
0,00
600,00
1286
1
18/01/2024
vip truck transp
rbb-9a07
0,00
0,00
0,00
0,00
0,00
0,00
0,00
0,00
0,00
6000,00
0,00
0,00
0,00
6000,00
1287
1
18/01/2024
vip truck transp
rmo-3d52
0,00
0,00
0,00
0,00
0,00
0,00
0,00
0,00
0,00
0,00
0,00 592,00
0,00
592,00
1288
1
19/01/2024
vip truck transp
rqn-8d10
360,50
0,00
0,00
0,00
0,00
0,00
0,00
0,00
0,00
3042,52
0,00
0,00
0,00
3403,02
1289
1
19/01/2024
vip truck transp
rqn-8d07
0,00
0,00
0,00
0,00
0,00
0,00
0,00
0,00
0,00
6000,00
0,00
0,00
0,00
6000,00
2507
2
19/01/2024
vip truck transp
rqn-8d10
360,50
0,00
0,00
0,00
0,00
0,00
0,00
0,00
0,00
6736,48
0,00
0,00
100,00
7196,98
1290
1
19/01/2024 164019 fab transportes odq-8c74
0,00
0,00
0,00
0,00
0,00
0,00
0,00
0,00
0,00
5000,00
3500,00
0,00
0,00
1500,00
1291
1
22/01/2024
r c s transporte
ppx-9g67
360,50
0,00
0,00
0,00
0,00
0,00
0,00
0,00
0,00
3042,52
0,00
0,00
0,00
3403,02
2508
2
22/01/2024
r c s transporte
ppx-9g67
360,50
0,00
0,00
0,00
0,00
0,00
0,00
0,00
0,00
6736,48
0,00
0,00
100,00
7196,98
1292
1
22/01/2024
vip truck transp
rbb-9a07
0,00
0,00
0,00
0,00
0,00
0,00
0,00
0,00
0,00
0,00
0,00 592,00
0,00
592,00
1293
1
22/01/2024 162019 jawa 
rbf-5b49
0,00
0,00
0,00
0,00
0,00
0,00
0,00
0,00
0,00
3200,00
2240,00
0,00
0,00
960,00
1294
1
22/01/2024
vip truck transp
rbg-9b99
0,00
0,00
0,00
0,00
0,00
0,00
0,00
0,00
0,00
9000,00
0,00
0,00
0,00
9000,00
1295
1
22/01/2024
vip truck transp
rqr-5h28
0,00
0,00
0,00
0,00
0,00
0,00
0,00
0,00
0,00
6000,00
0,00
0,00
0,00
6000,00
1296
1
23/01/2024
vip truck transp
rqn-8d10
360,50
0,00
0,00
0,00
0,00
0,00
0,00
0,00
0,00
3042,52
0,00
0,00
0,00
3403,02
1297
1
23/01/2024 162019 r c s transporte
mtx-4e75
0,00
0,00
0,00
0,00
0,00
0,00
0,00
0,00
0,00
6500,00
4550,00
0,00
0,00
1950,00
2509
2
23/01/2024
vip truck transp
rqn-8d10
360,50
0,00
0,00
0,00
0,00
0,00
0,00
0,00
0,00
6736,48
0,00
0,00
100,00
7196,98
2510
2
23/01/2024 162019 fab transportes odq-8c74
0,00
0,00
0,00
0,00
0,00
0,00
0,00
0,00
0,00
5000,00
3500,00
0,00
0,00
1500,00
1298
1
23/01/2024 167019 r c s transporte
qwa-
0,00
0,00
0,00
0,00
0,00
0,00
0,00
0,00
0,00
6000,00
4200,00
0,00
0,00
1800,00
1299
1
24/01/2024
r c s transporte
ppx-9g70
360,50
0,00
0,00
0,00
0,00
0,00
0,00
0,00
0,00
3042,52
0,00
0,00
0,00
3403,02
1300
1
24/01/2024 162019 rapidao vip tran
mty-3044
0,00
0,00
0,00
0,00
0,00
0,00
0,00
0,00
0,00
6000,00
4200,00
0,00
0,00
1800,00
contrato transporte
página 3 de 5
