(2 bradesco 
banco: 237 agencia: 2482 conta: 30721 
19/01/2026 13:38 
produto: cdb - certificado de depósito bancário 
posição para o produto: invest facil bradesco 
seleção do período a partir de: 01/10/2025 até: 31/12/2025 
extrato padrão 
é 
dt. aplicação 
dt. vencto 
ado 
taxa (%) 
vir princ. (r$) | vir. bruto (r$) | renda total(r$)| 
vir. iof (r$) | vir. irrf (r$) | vir líquido(r$) |renda bruta per 
saldo anterior em 30/09/2025 
06/08/2025 
27/07/2027 
- 
5,0000 
11.803,40 
11.816,09 
12,69 
0,00 
2,85 
11.813,24 
07/08/2025 
28/07/2027 
- 
5,0000 
4.178,28 
4.182,65 
4,37 
0,00 
0,98 
4.181,67 
08/08/2025 
29/07/2027 
- 
5,0000 
6.216,85 
6.223,19 
6,34 
0,00 
1,42 
6.221,77 
12/08/2025 
02/08/2027 
- 
5,0000 
92.403,14 
92.492,33 
89,19 
0,00 
20,06 
92.472,27 
14/08/2025 
04/08/2027 
- 
5,0000 
1.627,46 
1.628,94 
1,48 
0,00 
0,33 
1.628,61 
15/08/2025 
05/08/2027 
- 
5,0000 
4.406,66 
4.410,54 
3,88 
0,00 
0,87 
4.409,67 
18/08/2025 
09/08/2027 
- 
5,0000 
1.794,08 
1.795,61 
1,53 
0,00 
0,34 
1.795,27 
22/08/2025 
12/08/2027 
- 
5,0000 
6.580,40 
6.585,29 
4,89 
0,00 
1,10 
6.584,19 
26/08/2025 
16/08/2027 
- 
5,0000 
7.521,28 
7.526,46 
5,18 
0,00 
1,16 
7.525,30 
27/08/2025 
17/08/2027 
- 
5,0000 
2.436,31 
2.437,92 
1,81 
0,00 
0,36 
2.437,56 
28/08/2025 
18/08/2027 
- 
5,0000 
3.490,20 
3.492,41 
2,21 
0,00 
0,49 
3.491,92 
02/09/2025 
23/08/2027 
- 
5,0000 
1.750,92 
1.751,88 
0,96 
0,05 
0,20 
1.751,63 
04/09/2025 
25/08/2027 
- 
5,0000 
21.811,09 
21.821,91 
10,82 
1,40 
2.11 
21.818,40 
08/09/2025 
30/08/2027 
- 
5,0000 
12.223,84 
12.229,23 
5,39 
1,40 
0,89 
12.226,94 
09/09/2025 
30/08/2027 
- 
5,0000 
6.731,45 
6.734,23 
2,18 
0,83 
0,43 
6.732,97 
10/09/2025 
31/08/2027 
- 
5,0000 
11.416,32 
11.420,72 
4,40 
1,45 
0,66 
11.418,61 
11/09/2025 
01/09/2027 
- 
5,0000 
15.453,54 
15.459,07 
5,53 
1,99 
0,79 
15.456,29 
12/09/2025 
02/09/2027 
- 
5,0000 
3.699,69 
3.700,91 
1,22 
0,48 
0,16 
3.700,27 
15/09/2025 
06/09/2027 
- 
5,0000 
43.500,06 
43.513,25 
13,19 
6,59 
1,48 
43.505,18 
17/09/2025 
08/09/2027 
- 
5,0000 
12.997,02 
13.000,24 
3,22 
1,80 
0,31 
12.998,13 
18/09/2025 
08/09/2027 
- 
5,0000 
1.048,00 
1.048,23 
0,23 
0,13 
0,02 
1.048,08 
19/09/2025 
09/09/2027 
- 
5,0000 
16.982,05 
16.985,32 
3,27 
2,06 
0,27 
16.982,99 
23/09/2025 
13/09/2027 
- 
5,0000 
6.798,03 
6.798,96 
0,93 
0,70 
0,05 
6.798,21 
24/09/2025 
14/09/2027 
- 
5,0000 
1.422,75 
1.422,90 
0,15 
0,12 
0,00 
1.422,78 
29/09/2025 
20/09/2027 
- 
5,0000 
11.100,00 
11.100,30 
0,30 
0,28 
0,00 
11.100,02 
total 
309.392,82 
309.578,58 
185,76 
19,28 
37,33 
309.521,97 
aplicações 
02/10/2025 
22/09/2027 
- 
5,0000 
3.134,62 
03/10/2025 
23/09/2027 
- 
5,0000 
1.225,90 
07/10/2025 
27/09/2027 
- 
5,0000 
8.528,40 
08/10/2025 
28/09/2027 
- 
5,0000 
4.895,35 
10/10/2025 
30/09/2027 
- 
5,0000 
11.925,07 
14/10/2025 
04/10/2027 
- 
5,0000 
19.263,96 
16/10/2025 
06/10/2027 
- 
5,0000 
835,92 
17/10/2025 
07/10/2027 
- 
5,0000 
4.111,37 
21/10/2025 
11/10/2027 
- 
5,0000 
80.656,82 
22/10/2025 
13/10/2027 
- 
5,0000 
1.888,59 
23/10/2025 
13/10/2027 
- 
5,0000 
13.459,27 
27/10/2025 
18/10/2027 
- 
5,0000 
9.153,77 
28/10/2025 
18/10/2027 
- 
5,0000 
14.355,25 
29/10/2025 
19/10/2027 
- 
5,0000 
6.615,52 
30/10/2025 
20/10/2027 
- 
5,0000 
2.352,65 
04/11/2025 
25/10/2027 
- 
5,0000 
4.600,29 
06/11/2025 
27/10/2027 
- 
5,0000 
15.009,61 
12/11/2025 
03/11/2027 
- 
5,0000 
3.471,60 
13/11/2025 
03/11/2027 
- 
5,0000 
4.816,75 
14/11/2025 
04/11/2027 
- 
5,0000 
25.560,37 
17/11/2025 
08/11/2027 
- 
5,0000 
8.464,25 
18/11/2025 
08/11/2027 
- 
5,0000 
11.702,88 
26/11/2025 
16/11/2027 
- 
5,0000 
33.280,43 
27/11/2025 
17/11/2027 
- 
5,0000 
1.881,32 
02/12/2025 
22/11/2027 
- 
5,0000 
37.674,36 
03/12/2025 
23/11/2027 
- 
5,0000 
701,21 
04/12/2025 
24/11/2027 
- 
5,0000 
14.621,09 
10/12/2025 
30/11/2027 
- 
5,0000 
6.097,86 
12/12/2025 
02/12/2027 
- 
5,0000 
10.375,44 
16/12/2025 
06/12/2027 
- 
5,0000 
6.648,76 
17/12/2025 
07/12/2027 
- 
5,0000 
2.600,43 
18/12/2025 
08/12/2027 
- 
5,0000 
28.819,73 
22/12/2025 
13/12/2027 
- 
5,0000 
13.922,32 
23/12/2025 
13/12/2027 
- 
5,0000 
1.689,53 
26/12/2025 
16/12/2027 
- 
5,0000 
1.738,88 
29/12/2025 
20/12/2027 
- 
5,0000 
8.661,34 
31/12/2025 
21/12/2027 
- 
5,0000 
8.450,00 
total 
433.790,91 
resgates / vencimentos 
06/08/2025 
27/07/2027 
01/10/2025 
5,0000 
1.594,10 
1.595,85 
1,75 
0,00 
0,39 
1.595,46 
0,04 
06/08/2025 
27/07/2027 
06/10/2025 
5,0000 
10.209,30 
10.221,40 
12,10 
0,00 
2,72 
10.218,68 
1,13 
02/09/2025 
23/08/2027 
06/10/2025 
5,0000 
1.750,92 
1.752,07 
1,15 
0,00 
0,25 
1.751,82 
0,19 
04/09/2025 
25/08/2027 
06/10/2025 
5,0000 
21.811,09 
21.824,32 
13,23 
0,00 
2,97 
21.821,35 
241 
08/09/2025 
30/08/2027 
06/10/2025 
5,0000 
12.223,84 
12.230,58 
6,74 
0,40 
1,42 
12.228,76 
1,35 
09/09/2025 
30/08/2027 
06/10/2025 
5,0000 
6.731,45 
6.734,97 
3,52 
0,35 
0,71 
6.733,91 
0,74 
07/08/2025 
28/07/2027 
06/10/2025 
5,0000 
4.178,28 
4.183,12 
4,84 
0,00 
1,08 
4.182,04 
0,47 
08/08/2025 
29/07/2027 
06/10/2025 
5,0000 
6.216,85 
6.223,88 
7,03 
0,00 
1,58 
6.222,30 
0,69 
12/08/2025 
02/08/2027 
06/10/2025 
5,0000 
92.403,14 
92.502,53 
99,39 
0,00 
22,36 
92.480,17 
10,20 
14/08/2025 
04/08/2027 
06/10/2025 
5,0000 
1.627,46 
1.629,12 
1,66 
0,00 
0,37 
1.628,75 
0,18 
15/08/2025 
05/08/2027 
06/10/2025 
5,0000 
4.406,66 
4.411,03 
4,37 
0,00 
0,98 
4.410,05 
0,49 
18/08/2025 
09/08/2027 
06/10/2025 
5,0000 
1.794,08 
1.795,81 
1,73 
0,00 
0,38 
1.795,43 
0,20 
22/08/2025 
12/08/2027 
06/10/2025 
5,0000 
6.580,40 
6.586,02 
5,62 
0,00 
1,26 
6.584,76 
0,73 
26/08/2025 
16/08/2027 
06/10/2025 
5,0000 
7.521,28 
7.527,29 
6,01 
0,00 
1,35 
7.525,94 
0,83 
27/08/2025 
17/08/2027 
06/10/2025 
5,0000 
2.436,31 
2.438,19 
1,88 
0,00 
0,42 
2437,17 
0,27 
28/08/2025 
18/08/2027 
06/10/2025 
5,0000 
3.490,20 
3.492,79 
2,59 
0,00 
0,58 
3.492,21 
0,38 
10/09/2025 
31/08/2027 
06/10/2025 
5,0000 
11.416,32 
11.421,98 
5,66 
0,73 
1,10 
11.420,15 
1,26 
11/09/2025 
01/09/2027 
06/10/2025 
5,0000 
15.453,54 
15.460,78 
7,24 
1,15 
1,37 
15.458,26 
1471 
12/09/2025 
02/09/2027 
06/10/2025 
5,0000 
3.699,69 
3.701,32 
1,63 
0,32 
0,29 
3.700,71 
0,41 
15/09/2025 
06/09/2027 
06/10/2025 
5,0000 
30.678,29 
30.690,97 
12,68 
3,80 
2,00 
30.685,17 
3,38 
15/09/2025 
06/09/2027 
09/10/2025 
5,0000 
8.969,06 
8.973,51 
4,45 
0,89 
0,80 
8.971,82 
1,74 
15/09/2025 
06/09/2027 
13/10/2025 
5,0000 
3.852,71 
3.854,83 
2,12 
0,12 
0,45 
3.854,26 
0,96 
17/09/2025 
08/09/2027 
13/10/2025 
5,0000 
5.131,15 
5.133,69 
2,54 
0,33 
0,49 
5.132,87 
1,27 
17/09/2025 
08/09/2027 
15/10/2025 
5,0000 
7.865,87 
7.870,20 
4,33 
0,25 
0,91 
7.869,04 
2,39 
18/09/2025 
08/09/2027 
15/10/2025 
5,0000 
1.048,00 
1.048,54 
0,54 
0,05 
0,11 
1.048,38 
0,31 
24/09/2025 
14/09/2027 
15/10/2025 
5,0000 
1.422,75 
1.423,33 
0,58 
0,17 
0,09 
1.423,07 
0,43 
19/09/2025 
09/09/2027 
15/10/2025 
5,0000 
16.982,05 
16.990,47 
8,42 
1,09 
1,84 
16.987,74 
5,15 
23/09/2025 
13/09/2027 
15/10/2025 
5,0000 
6.798,03 
6.801,02 
2,99 
0,77 
0,49 
6.799,76 
2,06 
29/09/2025 
20/09/2027 
15/10/2025 
5,0000 
11.100,00 
11.103,67 
3,67 
1,68 
0,44 
11.101,55 
3,37 
02/10/2025 
22/09/2027 
15/10/2025 
5,0000 
3.134,62 
3.135,39 
0,77 
0,43 
0,07 
3.134,89 
0,77 
03/10/2025 
23/09/2027 
15/10/2025 
5,0000 
1.225,90 
1.226,17 
0,27 
0,16 
0,02 
1.225,99 
0,27 
07/10/2025 
27/09/2027 
15/10/2025 
5,0000 
8.528,40 
8.529,81 
1,41 
1,02 
0,08 
8.528,71 
1,41 
08/10/2025 
28/09/2027 
15/10/2025 
5,0000 
4.895,35 
4.896,02 
0,67 
0,50 
0,03 
4.895,49 
0,67 
10/10/2025 
30/09/2027 
15/10/2025 
5,0000 
11.925,07 
11.926,05 
0,98 
0,81 
0,03 
11.925,21 
0,98 
14/10/2025 
04/10/2027 
15/10/2025 
5,0000 
19.263,96 
19.264,49 
0,53 
0,50 
0,00 
19.263,99 
0,53 
16/10/2025 
06/10/2027 
20/10/2025 
5,0000 
835,92 
835,96 
0,04 
0,03 
0,00 
835,93 
0,04 
17/10/2025 
07/10/2027 
20/10/2025 
5,0000 
4.111,37 
4.711,49 
0,12 
0,10 
0,00 
4.711,39 
0,12 
21/10/2025 
11/10/2027 
24/10/2025 
5,0000 
21.089,27 
21.091,01 
1,74 
1,56 
0,04 
21.089,41 
1,74 
21/10/2025 
11/10/2027 
31/10/2025 
5,0000 
59.567,55 
59.580,68 
13,13 
8,66 
1,00 
59.571,02 
13,13 
22/10/2025 
13/10/2027 
31/10/2025 
5,0000 
495,36 
495,44 
0,08 
0,06 
0,00 
495,38 
0,08 
22/10/2025 
13/10/2027 
03/11/2025 
5,0000 
1.393,23 
1.393,53 
0,30 
0,18 
0,02 
1.393,33 
0,30 
23/10/2025 
13/10/2027 
03/11/2025 
5,0000 
4.585,64 
4.586,52 
0,88 
0,55 
0,07 
4.585,90 
0,88 
23/10/2025 
13/10/2027 
05/11/2025 
5,0000 
6.395,93 
6.397,51 
1,58 
0,88 
0,15 
6.396,48 
1,58 
23/10/2025 
13/10/2027 
07/11/2025 
5,0000 
1.371,76 
1.372,17 
0,41 
0,20 
0,04 
1.371,93 
0,41 
23/10/2025 
13/10/2027 
10/11/2025 
5,0000 
1.105,94 
1.106,30 
0,36 
0,14 
0,04 
1.106,12 
0,36 
27/10/2025 
18/10/2027 
10/11/2025 
5,0000 
9.153,77 
9.156,29 
2,52 
1,33 
0,26 
9.154,70 
2,52 
28/10/2025 
18/10/2027 
10/11/2025 
5,0000 
14.355,25 
14.358,81 
3,56 
1,99 
0,35 
14.356,47 
3,56 
29/10/2025 
19/10/2027 
10/11/2025 
5,0000 
2.130,49 
2.130,95 
0,46 
0,27 
0,05 
2.130,63 
0,46 
29/10/2025 
19/10/2027 
11/11/2025 
5,0000 
4.485,03 
4.486,14 
111 
0,62 
0,11 
4.485,41 
111 
30/10/2025 
20/10/2027 
11/11/2025 
5,0000 
2.352,65 
2.353,16 
0,51 
0,30 
0,04 
2.352,82 
0,51 
04/11/2025 
25/10/2027 
11/11/2025 
5,0000 
36,73 
36,73 
0,00 
0,00 
0,00 
36,73 
0,00 
04/11/2025 
25/10/2027 
19/11/2025 
5,0000 
1.854,12 
1.854,68 
0,56 
0,28 
0,06 
1.854,34 
0,56 
04/11/2025 
25/10/2027 
21/11/2025 
5,0000 
2.709,44 
2.710,33 
0,89 
0,38 
0,11 
2.709,84 
0,89 
06/11/2025 
27/10/2027 
21/11/2025 
5,0000 
6.105,23 
6.106,91 
1,68 
0,84 
0,19 
6.105,88 
1,68 
06/11/2025 
27/10/2027 
24/11/2025 
5,0000 
8.904,38 
8.907,08 
2,70 
1,08 
0,36 
8.905,64 
2,70 
12/11/2025 
03/11/2027 
24/11/2025 
5,0000 
3.471,60 
3.472,26 
0,66 
0,39 
0,06 
3.471,81 
0,66 
13/11/2025 
03/11/2027 
24/11/2025 
5,0000 
4.816,75 
4.817,54 
0,79 
0,49 
0,06 
4.816,99 
0,79 
14/11/2025 
04/11/2027 
24/11/2025 
5,0000 
8.553,49 
8.554,66 
117 
0,77 
0,09 
8.553,80 
117 
14/11/2025 
04/11/2027 
25/11/2025 
5,0000 
6.311,68 
6.312,72 
1,04 
0,65 
0,09 
6.311,98 
1,04 
14/11/2025 
04/11/2027 
28/11/2025 
5,0000 
10.695,20 
10.697,85 
2,65 
1,40 
0,28 
10.696,17 
2,65 
17/11/2025 
08/11/2027 
28/11/2025 
5,0000 
8.464,25 
8.466,11 
1,86 
1,17 
0,15 
8.464,79 
1,86 
18/11/2025 
08/11/2027 
28/11/2025 
5,0000 
2.483,83 
2.484,30 
0,47 
0,31 
0,03 
2.483,96 
0,47 
18/11/2025 
08/11/2027 
01/12/2025 
5,0000 
9.219,05 
9.221,08 
2,03 
1,13 
0,20 
9.219,75 
2,03 
26/11/2025 
16/11/2027 
01/12/2025 
5,0000 
33.280,43 
33.283,18 
2,15 
2,28 
0,10 
33.280,80 
2,15 
27/11/2025 
17/11/2027 
01/12/2025 
5,0000 
1.881,32 
1.881,42 
0,10 
0,08 
0,00 
1.881,34 
0,10 
02/12/2025 
22/11/2027 
05/12/2025 
5,0000 
31.333,11 
31.335,70 
2,59 
2,33 
0,05 
31.333,32 
2,59 
02/12/2025 
22/11/2027 
08/12/2025 
5,0000 
2.432,18 
2.433,04 
0,26 
0,20 
0,02 
2.432,82 
0,26 
02/12/2025 
22/11/2027 
09/12/2025 
5,0000 
3.908,47 
3.909,00 
0,53 
0,40 
0,02 
3.908,58 
0,53 
03/12/2025 
23/11/2027 
09/12/2025 
5,0000 
701,21 
701,28 
0,07 
0,05 
0,00 
701,23 
0,07 
04/12/2025 
24/11/2027 
09/12/2025 
5,0000 
2.705,56 
2.705,77 
0,21 
0,18 
0,00 
2.705,59 
0,21 
04/12/2025 
24/11/2027 
11/12/2025 
5,0000 
3.964,28 
3.964,82 
0,54 
0,41 
0,03 
3.964,38 
0,54 
04/12/2025 
24/11/2027 
15/12/2025 
5,0000 
7.951,25 
7.952,78 
1,53 
0,96 
0,12 
7.951,70 
1,53 
10/12/2025 
30/11/2027 
15/12/2025 
5,0000 
11211 
112,11 
0,00 
0,00 
0,00 
112,11 
0,00 
10/12/2025 
30/11/2027 
19/12/2025 
5,0000 
5.985,75 
5.986,90 
1,15 
0,80 
0,07 
5.986,03 
1,15 
12/12/2025 
02/12/2027 
19/12/2025 
5,0000 
10.375,44 
10.376,87 
1,43 
1,08 
0,07 
10.375,72 
1,43 
16/12/2025 
06/12/2027 
19/12/2025 
5,0000 
6.648,76 
6.649,30 
0,54 
0,48 
0,01 
6.648,81 
0,54 
17/12/2025 
07/12/2027 
19/12/2025 
5,0000 
2.600,43 
2.600,57 
0,14 
0,13 
0,00 
2.600,44 
0,14 
18/12/2025 
08/12/2027 
19/12/2025 
5,0000 
9.171,56 
9.171,81 
0,25 
0,24 
0,00 
9.171,57 
0,25 
18/12/2025 
08/12/2027 
24/12/2025 
5,0000 
3.726,33 
3.726,74 
0,41 
0,32 
0,02 
3.726,40 
0,41 
18/12/2025 
08/12/2027 
30/12/2025 
5,0000 
14.595,48 
14.598,29 
2,81 
1,68 
0,25 
14.596,36 
2,81 
total 
707.395,30 
707.689,00 
293,70 
52,90 
53,84 
707.582,26 
107,98 
saldo em 31/12/2025 
31/12/2025 
21/12/2027 
- 
5,0000 
8.450,00 
8.450,00 
0,00 
0,00 
0,00 
8.450,00 
0,00 
18/12/2025 
08/12/2027 
- 
5,0000 
1.326,36 
1.326,65 
0,29 
0,16 
0,02 
1.326,47 
0,29 
22/12/2025 
13/12/2027 
- 
5,0000 
13.922,32 
13.924,62 
2,30 
1,61 
0,15 
13.922,86 
2,30 
23/12/2025 
13/12/2027 
- 
5,0000 
1.689,53 
1.689,76 
0,23 
0,16 
0,01 
1.689,59 
0,23 
26/12/2025 
16/12/2027 
- 
5,0000 
1.738,88 
1.739,02 
0,14 
0,11 
0,00 
1.738,91 
0,14 
29/12/2025 
20/12/2027 
- 
5,0000 
8.661,34 
8.661,81 
0,47 
0,43 
0,00 
8.661,38 
0,47 
total 
35.788,43 
35.791,86 
3,43 
247 
0,18 
35.789,21 
3,43 
* esse extrato poderá ser atualizado até o fim do dia. valores sujeitos a alterações.
 tp bradesco

banco: 237 agencia: 2482 conta: 30721 19/01/2026 13:38
produto: cdb - certificado de depósito bancário
posição para o produto: invest facil bradesco

seleção do período a partir de: 01/10/2025 até: 31/12/2025

extrato padrão

5 dt. aplicação dt. vencto dr taxa (%) vir princ. (r$) | vir. bruto (r$) | renda total(r$)| vir. iof (r$) | vir. irrf (r$) | vir líquido(r$) | renda bruta per
saldo anterior em 30/09/2025
06/08/2025 27/07/2027 , 5,0000 11.803,40 11.816,09 12,69 0,00 2,85 11.813,24
07/08/2025 28/07/2027 - 5,0000 4.178,28 4.182,65 4,37 0,00 0,98 4.181,67
08/08/2025 29/07/2027 a 5,0000 6.216,85 6.223,19 6,34 0,00 1,42 6.221,77
12/08/2025 02/08/2027 - 5,0000 92.403,14 92.492,33 89,19 0,00 20,06 92.472,27
14/08/2025 04/08/2027 a 5,0000 1.627,46 1.628,94 1,48 0,00 0,33 1.628,61
15/08/2025 05/08/2027 , 5,0000 4.406,66 4.410,54 3,88 0,00 0,87 4.409,67
18/08/2025 09/08/2027 - 5,0000 1.794,08 1.795,61 1,53 0,00 0,34 1.795,27
22/08/2025 12/08/2027 e 5,0000 6.580,40 6.585,29 4,89 0,00 1,10 6.584,19
26/08/2025 16/08/2027 - 5,0000 7.521,28 7.526,46 5,18 0,00 1,16 7.525,30
27/08/2025 17/08/2027 a 5,0000 2.436,31 2.437,92 1,81 0,00 0,36 2.437,56
28/08/2025 18/08/2027 - 5,0000 3.490,20 3.492,41 2,21 0,00 0,49 3.491,92
02/09/2025 23/08/2027 - 5,0000 1.750,92 1.751,88 0,96 0,05 0,20 1.751,63
04/09/2025 25/08/2027 , 5,0000 21.811,09 21.821,91 10,82 1,40 2.11 21.818,40
08/09/2025 30/08/2027 - 5,0000 12.223,84 12.229,23 5,39 1,40 0,89 12.226,94
09/09/2025 30/08/2027 a 5,0000 6.731,45 6.734,23 2,18 0,83 0,43 6.732,97
10/09/2025 31/08/2027 - 5,0000 11.416,32 11.420,72 4,40 1,45 0,66 11.418,61
11/09/2025 01/09/2027 a 5,0000 15.453,54 15.459,07 5,53 1,99 0,79 15.456,29
12/09/2025 02/09/2027 , 5,0000 3.699,69 3.700,91 1,22 0,48 0,16 3.700,27
15/09/2025 06/09/2027 - 5,0000 43.500,06 43.513,25 13,19 6,59 1,48 43.505,18
17/09/2025 08/09/2027 e 5,0000 12.997,02 13.000,24 3,22 1,80 0,31 12.998,13
18/09/2025 08/09/2027 - 5,0000 1.048,00 1.048,23 0,23 0,13 0,02 1.048,08
19/09/2025 09/09/2027 a 5,0000 16.982,05 16.985,32 3,27 2,06 0,27 16.982,99
23/09/2025 13/09/2027 - 5,0000 6.798,03 6.798,96 0,93 0,70 0,05 6.798,21
24/09/2025 14/09/2027 - 5,0000 1.422,75 1.422,90 0,15 0,12 0,00 1.422,78
29/09/2025 20/09/2027 , 5,0000 11.100,00 11.100,30 0,30 0,28 0,00 11.100,02
total 309.392,82 309.578,58 185,76 19,28 37,33 309.521,97
aplicações
02/10/2025 22/09/2027 - 5,0000 3.134,62
03/10/2025 23/09/2027 a 5,0000 1.225,90
07/10/2025 27/09/2027 , 5,0000 8.528,40
08/10/2025 28/09/2027 - 5,0000 4.895,35
10/10/2025 30/09/2027 e 5,0000 11.925,07
14/10/2025 04/10/2027 - 5,0000 19.263,96
16/10/2025 06/10/2027 a 5,0000 835,92
17/10/2025 07/10/2027 - 5,0000 4.111,37
21/10/2025 11/10/2027 - 5,0000 80.656,82
22/10/2025 13/10/2027 , 5,0000 1.888,59
23/10/2025 13/10/2027 - 5,0000 13.459,27
27/10/2025 18/10/2027 a 5,0000 9.153,77
28/10/2025 18/10/2027 - 5,0000 14.355,25
29/10/2025 19/10/2027 a 5,0000 6.615,52
30/10/2025 20/10/2027 , 5,0000 2.352,65
04/11/2025 25/10/2027 - 5,0000 4.600,29
06/11/2025 27/10/2027 e 5,0000 15.009,61
12/11/2025 03/11/2027 - 5,0000 3.471,60
13/11/2025 03/11/2027 a 5,0000 4.816,75
14/11/2025 04/11/2027 - 5,0000 25.560,37
17/11/2025 08/11/2027 - 5,0000 8.464,25
18/11/2025 08/11/2027 , 5,0000 11.702,88
26/11/2025 16/11/2027 - 5,0000 33.280,43
27/11/2025 17/11/2027 a 5,0000 1.881,32
02/12/2025 22/11/2027 - 5,0000 37.674,36
03/12/2025 23/11/2027 a 5,0000 701,21
04/12/2025 24/11/2027 , 5,0000 14.621,09
10/12/2025 30/11/2027 - 5,0000 6.097,86
12/12/2025 02/12/2027 e 5,0000 10.375,44
16/12/2025 06/12/2027 - 5,0000 6.648,76
17/12/2025 07/12/2027 a 5,0000 2.600,43
18/12/2025 08/12/2027 - 5,0000 28.819,73
22/12/2025 13/12/2027 - 5,0000 13.922,32
23/12/2025 13/12/2027 , 5,0000 1.689,53
26/12/2025 16/12/2027 - 5,0000 1.738,88
29/12/2025 20/12/2027 a 5,0000 8.661,34
31/12/2025 21/12/2027 - 5,0000 8.450,00
total 433.790,91
resgates / vencimentos
06/08/2025 27/07/2027 01/10/2025 5,0000 1.594,10 1.595,85 1,75 0,00 0,39 1.595,46 0,04
06/08/2025 27/07/2027 06/10/2025 5,0000 10.209,30 10.221,40 12,10 0,00 2,72 10.218,68 1,13
02/09/2025 23/08/2027 06/10/2025 5,0000 1.750,92 1.752,07 1,15 0,00 0,25 1.751,82 0,19
04/09/2025 25/08/2027 06/10/2025 5,0000 21.811,09 21.824,32 13,23 0,00 2,97 21.821,35 241
08/09/2025 30/08/2027 06/10/2025 5,0000 12.223,84 12.230,58 6,74 0,40 1,42 12.228,76 1,35
09/09/2025 30/08/2027 06/10/2025 5,0000 6.731,45 6.734,97 3,52 0,35 0,71 6.733,91 0,74
07/08/2025 28/07/2027 06/10/2025 5,0000 4.178,28 4.183,12 4,84 0,00 1,08 4.182,04 0,47
08/08/2025 29/07/2027 06/10/2025 5,0000 6.216,85 6.223,88 7,03 0,00 1,58 6.222,30 0,69
12/08/2025 02/08/2027 06/10/2025 5,0000 92.403,14 92.502,53 99,39 0,00 22,36 92.480,17 10,20
14/08/2025 04/08/2027 06/10/2025 5,0000 1.627,46 1.629,12 1,66 0,00 0,37 1.628,75 0,18
15/08/2025 05/08/2027 06/10/2025 5,0000 4.406,66 4.411,03 4,37 0,00 0,98 4.410,05 0,49
18/08/2025 09/08/2027 06/10/2025 5,0000 1.794,08 1.795,81 1,73 0,00 0,38 1.795,43 0,20
22/08/2025 12/08/2027 06/10/2025 5,0000 6.580,40 6.586,02 5,62 0,00 1,26 6.584,76 0,73
26/08/2025 16/08/2027 06/10/2025 5,0000 7.521,28 7.527,29 6,01 0,00 1,35 7.525,94 0,83
27/08/2025 17/08/2027 06/10/2025 5,0000 2.436,31 2.438,19 1,88 0,00 0,42 2437,17 0,27
28/08/2025 18/08/2027 06/10/2025 5,0000 3.490,20 3.492,79 2,59 0,00 0,58 3.492,21 0,38
10/09/2025 31/08/2027 06/10/2025 5,0000 11.416,32 11.421,98 5,66 0,73 1,10 11.420,15 1,26
11/09/2025 01/09/2027 06/10/2025 5,0000 15.453,54 15.460,78 7,24 1,15 1,37 15.458,26 1471
12/09/2025 02/09/2027 06/10/2025 5,0000 3.699,69 3.701,32 1,63 0,32 0,29 3.700,71 0,41
15/09/2025 06/09/2027 06/10/2025 5,0000 30.678,29 30.690,97 12,68 3,80 2,00 30.685,17 3,38
15/09/2025 06/09/2027 09/10/2025 5,0000 8.969,06 8.973,51 445 0,89 0,80 8.971,82 1,74
15/09/2025 06/09/2027 13/10/2025 5,0000 3.852,71 3.854,83 2,12 0,12 0,45 3.854,26 0,96
17/09/2025 08/09/2027 13/10/2025 5,0000 5.131,15 5.133,69 2,54 0,33 0,49 5.132,87 1,27
17/09/2025 08/09/2027 15/10/2025 5,0000 7.865,87 7.870,20 4,33 0,25 0,91 7.869,04 2,39
18/09/2025 08/09/2027 15/10/2025 5,0000 1.048,00 1.048,54 0,54 0,05 0,11 1.048,38 0,31
24/09/2025 14/09/2027 15/10/2025 5,0000 1.422,75 1.423,33 0,58 0,17 0,09 1.423,07 0,43
19/09/2025 09/09/2027 15/10/2025 5,0000 16.982,05 16.990,47 8,42 1,09 1,64 16.987,74 5,15
23/09/2025 13/09/2027 15/10/2025 5,0000 6.798,03 6.801,02 2,99 0,77 0,49 6.799,76 2,06
29/09/2025 20/09/2027 15/10/2025 5,0000 11.100,00 11.103,67 3,67 1,68 0,44 11.101,55 3,37
02/10/2025 22/09/2027 15/10/2025 5,0000 3.134,62 3.135,39 0,77 0,43 0,07 3.134,89 0,77
03/10/2025 23/09/2027 15/10/2025 5,0000 1.225,90 1.226,17 0,27 0,16 0,02 1.225,99 0,27
07/10/2025 27/09/2027 15/10/2025 5,0000 8.528,40 8.529,81 1,41 1,02 0,08 8.528,71 1,41
08/10/2025 28/09/2027 15/10/2025 5,0000 4.895,35 4.896,02 0,67 0,50 0,03 4.895,49 0,67
10/10/2025 30/09/2027 15/10/2025 5,0000 11.925,07 11.926,05 0,98 0,81 0,03 11.925,21 0,98
14/10/2025 04/10/2027 15/10/2025 5,0000 19.263,96 19.264,49 0,53 0,50 0,00 19.263,99 0,53
16/10/2025 06/10/2027 20/10/2025 5,0000 835,92 835,96 0,04 0,03 0,00 835,93 0,04
17/10/2025 07/10/2027 20/10/2025 5,0000 4.111,37 4.711,49 0,12 0,10 0,00 4.711,39 0,12
21/10/2025 11/10/2027 24/10/2025 5,0000 21.089,27 21.091,01 1,74 1,56 0,04 21.089,41 1,74
21/10/2025 11/10/2027 31/10/2025 5,0000 59.567,55 59.580,68 13,13 8,66 1,00 59.571,02 13,13
22/10/2025 13/10/2027 31/10/2025 5,0000 495,36 495,44 0,08 0,06 0,00 495,38 0,08
22/10/2025 13/10/2027 03/11/2025 5,0000 1.393,23 1.393,53 0,30 0,18 0,02 1.393,33 0,30
23/10/2025 13/10/2027 03/11/2025 5,0000 4.585,64 4.586,52 0,88 0,55 0,07 4.585,90 0,88
23/10/2025 13/10/2027 05/11/2025 5,0000 6.395,93 6.397,51 1,58 0,88 0,15 6.396,48 1,58
23/10/2025 13/10/2027 07/11/2025 5,0000 1.371,76 1.372,17 0,41 0,20 0,04 1.371,93 0,41
23/10/2025 13/10/2027 10/11/2025 5,0000 1.105,94 1.106,30 0,36 0,14 0,04 1.106,12 0,36
27/10/2025 18/10/2027 10/11/2025 5,0000 9.153,77 9.156,29 2,52 1,33 0,26 9.154,70 2,52
28/10/2025 18/10/2027 10/11/2025 5,0000 14.355,25 14.358,81 3,56 1,99 0,35 14.356,47 3,56
29/10/2025 19/10/2027 10/11/2025 5,0000 2.130,49 2.130,95 0,46 0,27 0,05 2.130,63 0,46
29/10/2025 19/10/2027 11/11/2025 5,0000 4.485,03 4.486,14 111 0,62 0,11 4.485,41 111
30/10/2025 20/10/2027 11/11/2025 5,0000 2.352,65 2.353,16 0,51 0,30 0,04 2.352,82 0,51
04/11/2025 25/10/2027 11/11/2025 5,0000 36,73 36,73 0,00 0,00 0,00 36,73 0,00
04/11/2025 25/10/2027 19/11/2025 5,0000 1.854,12 1.854,68 0,56 0,28 0,06 1.854,34 0,56
04/11/2025 25/10/2027 21/11/2025 5,0000 2.709,44 2.710,33 0,89 0,38 0,11 2.709,84 0,89
06/11/2025 27/10/2027 21/11/2025 5,0000 6.105,23 6.106,91 1,68 0,84 0,19 6.105,88 1,68
06/11/2025 27/10/2027 24/11/2025 5,0000 8.904,38 8.907,08 2,70 1,08 0,36 8.905,64 2,70
12/11/2025 03/11/2027 24/11/2025 5,0000 3.471,60 3.472,26 0,66 0,39 0,06 3.471,81 0,66
13/11/2025 03/11/2027 24/11/2025 5,0000 4.816,75 4.817,54 0,79 0,49 0,06 4.816,99 0,79
14/11/2025 04/11/2027 24/11/2025 5,0000 8.553,49 8.554,66 117 0,77 0,09 8.553,80 117
14/11/2025 04/11/2027 25/11/2025 5,0000 6.311,68 6.312,72 1,04 0,65 0,09 6.311,98 1,04
14/11/2025 04/11/2027 28/11/2025 5,0000 10.695,20 10.697,85 2,65 1,40 0,28 10.696,17 2,65
17/11/2025 08/11/2027 28/11/2025 5,0000 8.464,25 8.466,11 1,86 1417 0,15 8.464,79 1,86
18/11/2025 08/11/2027 28/11/2025 5,0000 2.483,83 2.484,30 0,47 0,31 0,03 2.483,96 0,47
18/11/2025 08/11/2027 01/12/2025 5,0000 9.219,05 9.221,08 2,03 1,13 0,20 9.219,75 2,03
26/11/2025 16/11/2027 01/12/2025 5,0000 33.280,43 33.283,18 2,15 2,28 0,10 33.280,80 2,15
27/11/2025 17/11/2027 01/12/2025 5,0000 1.881,32 1.881,42 0,10 0,08 0,00 1.881,34 0,10
02/12/2025 22/11/2027 05/12/2025 5,0000 31.333,11 31.335,70 2,59 2,33 0,05 31.333,32 2,59
02/12/2025 22/11/2027 08/12/2025 5,0000 2.432,18 2.433,04 0,26 0,20 0,02 2.432,82 0,26
02/12/2025 22/11/2027 09/12/2025 5,0000 3.908,47 3.909,00 0,53 0,40 0,02 3.908,58 0,53
03/12/2025 23/11/2027 09/12/2025 5,0000 701,21 701,28 0,07 0,05 0,00 701,23 0,07
04/12/2025 24/11/2027 09/12/2025 5,0000 2.705,56 2.705,77 0,21 0,18 0,00 2.705,59 0,21
04/12/2025 24/11/2027 11/12/2025 5,0000 3.964,28 3.964,82 0,54 0,41 0,03 3.964,38 0,54
04/12/2025 24/11/2027 15/12/2025 5,0000 7.951,25 7.952,78 1,53 0,96 0,12 7.951,70 1,53
10/12/2025 30/11/2027 15/12/2025 5,0000 112,11 112,11 0,00 0,00 0,00 11211 0,00
10/12/2025 30/11/2027 19/12/2025 5,0000 5.985,75 5.986,90 1,15 0,80 0,07 5.986,03 1,15
12/12/2025 02/12/2027 19/12/2025 5,0000 10.375,44 10.376,87 1,43 1,08 0,07 10.375,72 1,43
16/12/2025 06/12/2027 19/12/2025 5,0000 6.648,76 6.649,30 0,54 0,48 0,01 6.648,81 0,54
17/12/2025 07/12/2027 19/12/2025 5,0000 2.600,43 2.600,57 0,14 0,13 0,00 2.600,44 0,14
18/12/2025 08/12/2027 19/12/2025 5,0000 9.171,56 9.171,81 0,25 0,24 0,00 9.171,57 0,25
18/12/2025 08/12/2027 24/12/2025 5,0000 3.726,33 3.726,74 0,41 0,32 0,02 3.726,40 0,41
18/12/2025 08/12/2027 30/12/2025 5,0000 14.595,48 14.598,29 2,81 1,68 0,25 14.596,36 2,81
total 707.395,30 707.689,00 293,70 52,90 53,84 707.582,26 107,98
saldo em 31/12/2025
31/12/2025 21/12/2027 a 5,0000 8.450,00 8.450,00 0,00 0,00 0,00 8.450,00 0,00
18/12/2025 08/12/2027 , 5,0000 1.326,36 1.326,65 0,29 0,16 0,02 1.326,47 0,29
22/12/2025 13/12/2027 - 5,0000 13.922,32 13.924,62 2,30 1,61 0,15 13.922,86 2,30
23/12/2025 13/12/2027 e 5,0000 1.689,53 1.689,76 0,23 0,16 0,01 1.689,59 0,23
26/12/2025 16/12/2027 - 5,0000 1.738,88 1.739,02 0,14 0,11 0,00 1.738,91 0,14
29/12/2025 20/12/2027 a 5,0000 8.661,34 8.661,81 0,47 0,43 0,00 8.661,38 0,47
total 35.788,43 35.791,86 3,43 247 0,18 35.789,21 3,43

* esse extrato poderá ser atualizado até o fim do dia. valores sujeitos a alterações.
